-1.6212999383512938
-2.1550194190015493
-2.1385007839058274
-2.373599051690536
-2.2125007515565853
-2.2023334007413626
-3.3730421705979206
-4.244187695730666
-4.869841181466645
-4.571207975022587
-4.3694968710771125
-4.802796578583117
-4.570913814604547
-4.359105774457158
-4.210341937087851
-4.604604887204011
-4.58959928415025
-4.458593279177145
-4.325060554639079
-4.2476191723255114
-4.4678479952623915
-4.344000770323015
-4.230050456053202
-4.1345288516580565
-4.052027804645386
-3.956573124764085
-3.913168088260229
-3.83237866724648
-3.770586987436521
-3.7004118935762804
-3.8866176690093033
-4.076260108384771
-4.239555361191293
-4.177519219237929
-4.178621977694833
-4.111921166291279
-4.0524445113404655
-3.9865593634296563
-3.935376552386275
-3.8759667887082143
-3.8396242312838758
-3.7876662252076936
-3.747630631158813
-3.8825496928689462
-3.85238175877698
-3.8294402567728802
-3.9537800170765625
-3.9182841159488944
-3.8731268216742825
-3.827789077808681
-3.7914094626647077
-3.7492105957264212
-3.7102270017076413
-3.6694394157772403
-3.6553406541940365
-3.617769726871462
-3.585860838555238
-3.692989524022909
-3.6664213099883476
-3.6327578012998774
-3.6060252299294686
-3.718079039231581
-3.690600896757924
-3.6581582289067116
-3.6347574699094425
-3.604762358284431
-1.6212999383512938
-2.1550194190015493
-2.1385007839058274
-2.373599051690536
-2.2125007515565853
-2.2023334007413626
-3.3730421705979206
-4.244187695730666
-4.869841181466645
-4.571207975022587
-4.3694968710771125
-4.802796578583117
-4.570913814604547
-4.359105774457158
-4.210341937087851
-4.604604887204011
-4.58959928415025
-4.458593279177145
-4.325060554639079
-4.2476191723255114
-4.4678479952623915
-4.344000770323015
-4.230050456053202
-4.1345288516580565
-4.052027804645386
-3.956573124764085
-3.913168088260229
-3.83237866724648
-3.770586987436521
-3.7004118935762804
-3.8866176690093033
-4.076260108384771
-4.239555361191293
-4.177519219237929
-4.178621977694833
-4.111921166291279
-4.0524445113404655
-3.9865593634296563
-3.935376552386275
-3.8759667887082143
-3.8396242312838758
-3.7876662252076936
-3.747630631158813
-3.8825496928689462
-3.85238175877698
-3.8294402567728802
-3.9537800170765625
-3.9182841159488944
-3.8731268216742825
-3.827789077808681
-3.7914094626647077
-3.7492105957264212
-3.7102270017076413
-3.6694394157772403
-3.6553406541940365
-3.617769726871462
-3.585860838555238
-3.692989524022909
-3.6664213099883476
-3.6327578012998774
-3.6060252299294686
-3.718079039231581
-3.690600896757924
-3.6581582289067116
-3.6347574699094425
-3.604762358284431
-1.6212999383512938
-2.1550194190015493
-2.1385007839058274
-2.373599051690536
-2.2125007515565853
-2.2023334007413626
-3.3730421705979206
-4.244187695730666
-4.869841181466645
-4.571207975022587
-4.3694968710771125
-4.802796578583117
-4.570913814604547
-4.359105774457158
-4.210341937087851
-4.604604887204011
-4.58959928415025
-4.458593279177145
-4.325060554639079
-4.2476191723255114
-4.4678479952623915
-4.344000770323015
-4.230050456053202
-4.1345288516580565
-4.052027804645386
-3.956573124764085
-3.913168088260229
-3.83237866724648
-3.770586987436521
-3.7004118935762804
-3.8866176690093033
-4.076260108384771
-4.239555361191293
-4.177519219237929
-4.178621977694833
-4.111921166291279
-4.0524445113404655
-3.9865593634296563
-3.935376552386275
-3.8759667887082143
-3.8396242312838758
-3.7876662252076936
-3.747630631158813
-3.8825496928689462
-3.85238175877698
-3.8294402567728802
-3.9537800170765625
-3.9182841159488944
-3.8731268216742825
-3.827789077808681
-3.7914094626647077
-3.7492105957264212
-3.7102270017076413
-3.6694394157772403
-3.6553406541940365
-3.617769726871462
-3.585860838555238
-3.692989524022909
-3.6664213099883476
-3.6327578012998774
-3.6060252299294686
-3.718079039231581
-3.690600896757924
-3.6581582289067116
-3.6347574699094425
-3.604762358284431
-1.6212999383512938
-2.1550194190015493
-2.1385007839058274
-2.373599051690536
-2.2125007515565853
-2.2023334007413626
-1.6212999383512938
-2.1550194190015493
-2.1385007839058274
-2.373599051690536
-2.2125007515565853
-2.2023334007413626
